[1][1][1][1][1][1][1][1][1][1][1][1][1][1][1][1][1][1][1][1][1][1][1][1][1][1][1][1][1][1][1][1][1][1][1][1][1][1][1][1][1][1][1][1][1][1][1][1][1]
[1][1][2][2][2][2][2][2][2][2][2][2][2][2][2][2][2][2][2][2][2][2][2][2][2][2][2][2][2][2][2][2][2][2][2][2][2][2][2][2][2][2][2][2][2][2][2][1][1]
[1][4][1][1][1][1][1][1][1][0][0][0][1][d][0][0][0][0][0][0][0][0][0][0][0][0][0][0][0][0][0][0][0][0][0][0][0][0][0][0][0][0][0][0][0][0][0][3][1]
[1][4][0][X][0][0][0][0][0][0][1][8][1][1][1][1][8][0][0][0][0][0][0][0][0][0][0][0][0][0][0][0][0][0][0][0][0][0][0][0][0][0][0][0][0][0][0][3][1]
[1][4][1][1][1][1][1][1][1][1][4][8][3][1][4][0][8][0][0][0][0][0][0][0][0][0][0][b][a][a][a][a][c][8][0][0][0][0][0][0][0][0][0][0][0][0][0][3][1]
[1][4][1][1][1][1][1][1][1][1][4][8][3][1][4][0][8][1][1][1][1][1][1][1][1][1][1][1][a][0][0][a][1][8][a][1][1][1][1][1][1][1][1][1][0][0][0][3][1]
[1][4][1][1][1][1][1][1][1][1][4][8][3][1][1][4][8][0][3][4][0][0][0][0][0][0][0][1][a][0][d][a][d][8][a][a][a][a][a][a][a][a][a][4][0][0][0][3][1]
[1][4][1][1][1][1][1][1][1][1][4][8][3][1][1][4][8][0][3][4][0][0][0][0][0][0][0][1][a][0][b][a][a][a][a][a][a][a][a][a][a][a][a][4][0][5][5][3][1]
[1][4][0][0][0][0][0][0][1][1][4][8][3][0][0][4][8][1][1][4][8][1][1][1][1][1][1][1][a][0][0][a][a][a][a][a][a][a][a][a][a][a][a][4][0][2][2][3][1]
[1][4][0][0][0][0][d][0][1][0][0][8][0][0][0][0][8][0][0][1][8][0][0][0][0][0][0][1][a][0][0][a][1][1][1][1][1][1][1][1][1][1][1][4][0][0][0][3][1]
[1][4][8][1][1][1][1][1][1][0][0][8][0][0][0][0][8][0][0][4][8][0][0][0][0][0][0][1][a][c][0][a][1][1][1][1][1][8][0][0][0][0][0][0][0][0][0][3][1]
[1][4][8][3][1][1][1][1][1][1][1][1][1][0][0][1][1][1][1][1][8][0][0][0][0][0][0][1][a][0][0][a][1][1][1][1][1][8][2][2][2][1][1][0][0][0][0][3][1]
[1][4][8][3][1][1][1][4][0][0][0][0][0][0][0][0][0][0][0][0][3][1][1][1][0][0][b][1][a][0][0][a][1][1][1][1][8][8][1][1][1][1][1][0][0][0][0][3][1]
[1][4][8][0][3][1][1][4][0][0][0][0][0][0][0][0][0][0][0][0][3][1][1][1][0][0][0][1][a][0][b][a][1][1][1][1][8][1][1][1][1][1][1][1][1][1][0][3][1]
[1][4][8][0][3][0][0][0][0][0][b][a][a][a][a][a][a][c][0][0][0][0][0][0][0][0][0][1][a][0][0][a][1][1][1][1][8][8][1][1][1][1][1][4][0][0][0][3][1]
[1][4][8][0][0][0][2][2][2][0][0][b][a][a][a][a][c][0][0][2][2][2][2][2][2][8][0][1][a][0][0][a][1][1][1][1][1][8][0][0][0][1][1][4][0][0][0][3][1]
[1][4][2][2][2][2][1][0][0][0][0][0][0][0][0][0][0][0][0][0][0][1][1][1][4][8][1][1][a][c][0][a][1][1][1][1][1][8][0][0][0][0][3][4][5][5][0][3][1]
[1][4][1][1][1][1][1][5][5][5][5][5][5][5][5][5][5][5][5][5][5][1][1][1][1][8][0][1][a][0][0][a][1][1][1][1][1][1][1][1][1][1][1][1][2][2][0][3][1]
[1][4][1][1][1][1][1][1][1][1][1][1][1][1][1][1][1][1][1][1][1][1][1][1][4][8][0][1][a][0][0][a][1][0][0][0][0][0][0][0][0][0][0][1][0][0][0][3][1]
[1][4][0][0][0][0][0][0][0][0][0][0][0][1][0][0][0][0][0][0][0][1][1][1][4][8][0][1][a][0][b][a][1][0][0][0][0][0][0][0][0][0][0][1][0][0][0][3][1]
[1][4][0][0][0][0][0][0][0][0][0][0][0][1][0][0][0][0][0][0][0][1][1][0][0][8][0][1][a][0][0][a][1][0][0][0][0][1][0][0][0][0][0][4][0][0][0][3][1]
[1][4][1][0][1][1][1][1][1][1][1][1][1][1][1][1][1][1][1][1][1][4][d][0][0][8][1][1][a][0][0][a][1][0][0][0][0][1][0][0][3][0][0][4][0][0][b][3][1]
[1][4][1][1][1][1][1][1][1][1][1][1][1][1][1][1][1][1][1][1][1][1][1][1][1][8][1][1][a][c][0][a][1][0][0][0][0][1][0][0][0][0][0][4][0][0][0][3][1]
[1][4][1][1][1][1][1][7][1][1][7][1][1][7][1][1][1][1][1][1][1][1][1][1][1][8][1][1][a][0][0][a][1][1][0][0][0][1][1][1][1][1][1][1][0][0][0][3][1]
[1][4][0][0][0][0][0][0][0][0][0][0][0][0][0][0][0][0][0][0][0][0][0][0][0][8][0][0][0][0][0][a][1][1][1][1][1][1][1][1][1][1][1][4][c][0][0][3][1]
[1][4][d][0][0][0][0][0][0][0][0][0][0][0][0][0][0][0][0][0][0][0][0][0][0][8][0][0][0][0][b][a][1][0][0][0][0][0][0][0][0][0][0][0][0][0][0][3][1]
[1][4][2][2][2][0][0][0][0][0][0][0][0][0][0][0][0][0][0][0][0][0][0][0][0][8][0][0][0][0][0][a][1][0][0][0][0][0][0][0][0][0][0][0][0][0][0][3][1]
[1][4][1][1][1][2][5][5][5][5][5][5][5][5][5][2][2][2][0][0][0][0][0][0][0][8][0][0][0][0][0][a][1][0][0][0][0][0][0][0][0][0][0][0][0][0][0][3][1]
[1][1][2][2][2][2][2][2][2][2][2][2][2][2][2][2][2][2][2][2][2][2][2][2][2][2][2][2][2][2][2][2][2][2][2][2][2][2][2][2][2][2][2][2][2][2][2][1][1]
[1][1][1][1][1][1][1][1][1][1][1][1][1][1][1][1][1][1][1][1][1][1][1][1][1][1][1][1][1][1][1][1][1][1][1][1][1][1][1][1][1][1][1][1][1][1][1][1][1]