[1][1][1][1][1][1][1][1][1][1][1][1][1][1][1][1][1][1][1][1][1][1][1][1][1][1][1][1][1][1][1][1][1][1][1][1][1][1][1][1]
[1][1][11][11][11][11][11][11][11][11][11][11][12][11][11][11][11][11][11][12][11][11][11][11][11][11][11][12][11][11][11][11][11][11][12][11][11][11][1][1]
[1][3][0][0][0][0][0][0][0][0][0][0][0][0][0][0][0][0][0][0][0][0][0][0][0][0][0][0][0][0][0][0][0][0][0][0][0][0][4][1]
[1][3][0][0][0][0][0][0][0][0][0][0][0][0][0][0][0][0][0][0][0][0][0][0][0][0][0][0][0][0][0][0][0][0][0][0][0][0][4][1]
[1][1][2][2][2][2][5][9][5][2][9][0][0][0][54][54][54][0][0][0][0][0][0][0][0][0][0][0][0][0][0][0][0][0][0][0][0][0][1][1]
[1][1][11][11][11][1][3][9][4][3][9][0][0][2][2][2][2][8][8][8][8][8][2][2][2][8][8][8][8][8][2][2][0][0][0][0][99][0][1][1]
[1][3][0][0][0][4][3][9][4][3][9][0][0][1][1][1][1][13][13][13][13][13][1][1][1][13][13][13][13][13][1][1][1][8][8][1][1][1][1][1]
[1][3][14][0][0][4][3][9][4][3][9][0][0][11][11][11][11][11][11][11][11][11][11][11][11][11][11][11][11][11][11][11][11][11][11][11][11][11][1][1]
[1][1][3][0][0][11][11][9][4][1][2][2][9][0][0][0][0][0][0][14][0][0][0][0][0][0][0][0][0][0][0][0][0][0][0][0][0][0][4][1]
[1][1][1][3][0][0][0][9][4][1][1][1][9][0][0][0][0][0][0][2][2][2][2][2][2][2][2][2][2][0][0][0][0][0][0][0][0][0][4][1]
[1][1][1][1][2][2][2][2][1][1][1][1][9][0][0][0][0][0][0][0][11][11][11][11][11][11][11][11][11][11][1][9][2][2][2][2][2][2][1][1]
[1][1][11][11][11][1][1][1][11][11][11][1][2][2][9][4][0][0][0][0][0][0][0][0][0][0][0][0][0][0][4][9][0][0][0][0][0][0][4][1]
[1][3][0][0][0][4][1][3][0][0][0][1][11][11][9][4][2][0][0][0][0][0][0][0][0][0][0][0][0][0][4][2][2][2][2][2][2][9][4][1]
[1][3][0][0][0][11][12][11][0][0][0][3][0][0][9][4][1][2][2][0][0][0][0][0][0][14][0][0][0][0][4][0][0][0][0][0][0][9][4][1]
[1][3][0][0][0][0][0][0][0][0][0][3][9][2][2][1][1][1][1][2][0][0][2][0][0][2][0][0][2][9][4][9][2][2][2][2][2][2][1][1]
[1][3][0][0][0][0][0][0][0][0][0][3][9][4][1][1][1][1][1][1][0][0][1][0][0][1][0][0][1][9][4][9][0][0][0][0][0][0][4][1]
[1][3][0][0][0][0][0][0][0][0][0][3][9][4][1][1][1][1][1][1][8][8][1][8][8][1][8][8][1][9][4][2][2][2][2][2][2][9][4][1]
[1][3][14][0][0][0][0][0][0][54][0][0][9][4][1][1][1][1][1][1][13][13][1][13][13][1][13][13][1][9][0][0][0][0][0][0][0][9][4][1]
[1][1][2][2][8][8][8][8][8][2][2][2][2][1][1][1][1][1][1][1][1][1][1][1][1][1][1][1][1][2][2][2][2][2][2][2][2][2][1][1]
[1][1][1][1][1][1][1][1][1][1][1][1][1][1][1][1][1][1][1][1][1][1][1][1][1][1][1][1][1][1][1][1][1][1][1][1][1][1][1][1]
